4
373
60
4
208
10
4
142
35
4
142
135
4
208
210
4
340
210
4
274
110
4
208
85
4
175
210
4
175
260
6
274
135
6
274
160
6
142
185
6
43
135
6
76
85
6
307
60
6
307
210
6
241
260
12
208
160
12
142
160
12
76
110
12
76
60
12
142
60
12
340
85
12
373
160
12
373
285
12
76
285
12
43
260
12
43
210
7
307
135
7
208
60
7
10
85
7
10
35
7
76
185
7
142
285
7
208
285
8
208
110
8
109
60
8
175
10
8
208
35
8
175
60
8
241
60
8
340
110
8
340
160
8
373
235
8
274
260
8
208
235
8
109
185
8
43
185
8
10
310
8
76
310
8
43
310
8
109
310
8
142
310
8
175
310
8
208
310
8
241
310
8
274
310
8
307
310
8
340
310
8
373
310
8
406
310
