4
373
60
4
208
10
4
142
35
4
340
210
4
208
85
6
274
135
6
274
160
6
43
135
6
76
85
6
307
60
12
76
110
12
76
60
12
142
60
12
340
85
12
373
160
12
373
285
7
208
60
7
10
85
7
10
35
7
142
285
7
208
285
8
208
110
8
109
60
8
175
10
8
208
35
8
175
60
8
241
60
8
340
110
8
373
235
8
274
260
8
208
235
8
10
310
8
340
310
8
373
310
8
406
310
6
43
160
6
43
185
6
43
210
6
76
160
6
109
160
6
43
110
6
274
185
6
274
210
6
274
110
6
241
160
6
208
160
6
175
160
6
142
160
6
142
185
6
142
210
6
175
185
6
175
210
6
175
135
6
175
110
6
142
110
6
142
135
0
175
235
0
109
235
0
142
235
0
76
185
0
76
210
0
76
235
0
10
160
0
10
185
0
307
210
0
241
210
0
208
185
0
109
135
13
10
210
0
10
235
0
43
235
45
340
260
