10
10
310
10
10
285
10
10
260
10
10
235
10
10
210
12
406
310
12
406
285
12
406
260
12
406
235
12
406
210
11
406
185
11
373
185
11
340
185
11
307
185
9
10
185
9
43
185
9
76
185
9
109
185
9
142
185
0
10
85
0
43
85
0
76
85
0
109
85
0
142
85
6
175
85
6
208
85
6
241
85
6
274
85
7
142
160
7
109
135
7
109
160
0
274
235
0
241
235
0
208
235
0
175
235
0
142
235
0
307
135
0
307
110
0
307
85
0
307
35
0
307
60
0
142
35
0
241
35
0
373
135
13
208
310
0
175
285
0
208
285
0
241
285
0
241
310
0
175
310
45
373
260
